[[228 163 114 ...  32 178 247]
 [173 101  47 ...  59 148 172]
 [188 142 239 ... 224 151 169]
 ...
 [ 77  13  68 ...  65  65 192]
 [211 234  85 ... 191 146  83]
 [ 38  28  15 ... 147 239 139]]
key [[228 163 114 ...  32 178 247]
 [173 101  47 ...  59 148 172]
 [188 142 239 ... 224 151 169]
 ...
 [ 77  13  68 ...  65  65 192]
 [211 234  85 ... 191 146  83]
 [ 38  28  15 ... 147 239 139]]
inverse key [[251  93  73 ...  64 115 156]
 [211 172 234 ...  89   0 185]
 [126 116 247 ...  25  96 146]
 ...
 [246   3 199 ... 125  25  15]
 [ 47 101  85 ...   4 231 177]
 [ 40  94  37 ...  23 116  15]]
